1516278
1516302
1516326
1516350
1516374
1516398
1516422
1516446
1516470
1516494
1516518
1516542
1516566
1516590
1516614
1516638
1516662
1516686
1516710
1516734
1516758
1516782
1516806
1516830
1516854
1516878
1516902
1516926
1516950
1516974
1516998
1517022
1517046
1517070
1517094
1517118
1517142
1517166
1517190
1517214
1517238
1517262
1517286
1517310
1517334
1517358
1517382
1517406
1517430
1517454
1517478
1517502
1517526
1517550
1517574
1517598
1517622
1517646
1517670
1517694
1517718
1517742
1517766
1517790
1517814
1517838
1517862
1517886
1517910
1517934
1517958
1517982
1518006
1518030
1518054
1518078
1518102
1518126
1518150
1518174
1518198
1518222
1518246
1518270
1518294
1518318
1518342
1518366
1518390
1518414
1518438
1518462
1518486
1518510
1518534
1518558
1518582
1518606
1518630
1518654
1518678
1518702
1518726
1518750
1518774
1518798
1518822
1518846
1518870
1518894
1518918
1518942
1518966
1518990
1519014
1519038
1519062
1519086
1519110
1519134
1519158
1519182
1519206
1519230
1519254
1519278
1519302
1519326
1519350
1519374
1519398
1519422
1519446
1519470
1519494
1519518
1519542
1519566
1519590
1519614
1519638
1519662
1519686
1519710
1519734
1519758
1519782
1519806
1519830
1519854
1519878
1519902
1519926
1519950
1519974
1519998
1520022
1520046
1520070
1520094
1520118
1520142
1520166
1520190
1520214
1520238
1520262
1520286
1520310
1520334
1520358
1520382
1520406
1520430
1520454
1520478
1520502
1520526
1520550
1520574
1520598
1520622
1520646
1520670
1520694
1520718
1520742
1520766
1520790
1520814
1520838
1520862
1520886
1520910
1520934
1520958
1520982
1521006
1521030
1521054
1521078
1521102
1521126
1521150
1521174
1521198
1521222
1521246
1521270
1521294
1521318
1521342
1521366
1521390
1521414
1521438
1521462
1521486
1521510
1521534
1521558
1521582
1521606
1521630
1521654
1521678
1521702
1521726
1521750
1521774
1521798
1521822
1521846
1521870
1521894
1521918
1521942
1521966
1521990
1522014
1522038
1522062
1522086
1522110
1522134
1522158
1522182
1522206
1522230
1522254
1522278
1522302
1522326
1522350
1522374
1522398
1522422
1522446
1522470
1522494
1522518
1522542
1522566
1522590
1522614
1522638
1522662
1522686
1522710
1522734
1522758
1522782
1522806
1522830
1522854
1522878
1522902
1522926
1522950
1522974
1522998
1523022
